# Medium Difficulty Layout

# --- Start Cube Section ---
1,1,120,90
1,1,150,90
1,1,180,90

# spikes
1,8,240,90
1,8,300,90
1,8,330,90
1,8,420,90

# block jump
1,1,480,120
1,8,540,90

# --- Ship Portal ---
1,13,600,90

# ship tunnel spikes
1,8,660,150
1,8,690,150
1,8,720,150
1,8,660,30
1,8,690,30
1,8,720,30

1,8,780,150
1,8,810,150
1,8,780,30
1,8,810,30

# --- Ball Portal ---
1,47,900,90

# gravity gameplay
1,8,960,150
1,8,1020,30
1,8,1080,150
1,8,1140,30

# platforms
1,1,990,120
1,1,1050,60

# --- UFO Portal ---
1,111,1200,90

# UFO spikes
1,8,1260,90
1,8,1320,120
1,8,1380,90
1,8,1440,120

# orb
1,36,1410,120

# --- Cube Portal ---
1,12,1500,90

# orb gameplay
1,36,1560,120
1,8,1620,90
1,36,1680,120
1,8,1740,90

# double spike
1,8,1800,90
1,8,1830,90

# --- Final Ship ---
1,13,1920,90

# tight corridor
1,8,1980,150
1,8,2010,150
1,8,2040,150

1,8,1980,30
1,8,2010,30
1,8,2040,30

# --- Ending Cube ---
1,12,2160,90

# staircase ending
1,8,2220,90
1,8,2280,120
1,8,2340,150
1,8,2400,180

# finish platform
1,1,2460,210
